
#################################### plus

==== Input ====
[50.0, 50.0]

==== EC layer ====
output:      [40 41 42 43 44 45 46 47 48 49]

==== SP layer ====
input:   [40 41 42 43 44 45 46 47 48 49]
output:  [   4   98  191  279  282  482  643  925 1201 1307]

==== TP layer ====
input:   [   4   98  191  279  282  482  643  925 1201 1307]
output:  [ 139  157 3163 3166 6136 6140 8931 8957 9026 9049]


==== Predict ====
[  4  75  98 191 279 282 482 528 535 612]


#################################### minus

==== Input ====
[50.0, 50.0]

==== EC layer ====
output:      [40 41 42 43 44 45 46 47 48 49]

==== SP layer ====
input:   [40 41 42 43 44 45 46 47 48 49]
output:  [   4   98  191  279  282  482  643  925 1201 1307]

==== TP layer ====
input:   [   4   98  191  279  282  482  643  925 1201 1307]
output:  [ 131  144 3143 3151 6129 6134 8941 8950 9029 9045]


==== Predict ====
[  4  40  98 191 279 282 316 482 602 643]
